17429191486168765
17429191486168766
17429191486168767
17429191486168768
17429191486168769
17429191486168770
17429191486168771
17429191486168772
17429191486168773
17429191486168774
17429191486168775
17429191486168776
17429191486168777
17429191486168778
17429191486168779
17429191486168780
17429191486168781
17429191486168782
17429191486168783
17429191486168784
17429191486168785
17429191486168786
17429191486168787
17429191486168788
17429191486168789
17429191486168740
17429191486168750
17429191486168751
17429191486168752
17429191486168753
17429191486168754
17429191486168755
17429191486168756
17429191486168757
17429191486168758
17249198799303544
17249198799303545
17249198799303546
17249198799303547
17249198799303548
17249198799303549
17249198799303550
17249198799303551
17249198799303552
17249198799303553
17249198799303554
17249198799303555
17249198799303556
17249198799303557
17249198799303558
17249198799303559
17249198799303560
17249198799303561
17249198799303562
17249198799303563
17249198799303564
17249198799303565
17249198799303566
17249198799303567
17249198799303568
17249198799303569
17249198799303570
17249198799303571
17249198799303542
17249198799303543
17429191486168718
17429191486168719
17429191486168720
17429191486168721
17429191486168722
17429191486168723
17429191486168724
17429191486168725
17429191486168726
17429191486168727
17429191486168728
17429191486168729
17429191486168730
17429191486168731
17429191486168732
17429191486168733
17429191486168734
17429191486168735
17429191486168736
17429191486168737
17429191486168738
17429191486168739
15983199258495785
15983199258495786
15983199258495787
15983199258495788
15983199258495789
15983199258495790
15983199258495791
15983199258495792
15983199258495793
15983199258495794
15983199258495796
15983199258495797
15983199258495798
15983199258495799
15983199258495800
15983199258495801
15983199258495802
15983199258495803
15983199258495804
15983199258495805
15983199258495806
15983199258495807
15983199258495808
15983199258495809
15983199258495810
15983199258495811
15983199258495812
15983199258495813
15983199258495814
15983199258495815
15983199258495816
15983199258495817
15983199258495818
15983199258495819
15983199258495820
15983199258495746
15983199258495747
15983199258495748
15983199258495749
15983199258495750
15983199258495751
15983199258495752
15983199258495753
15983199258495754
15983199258495755
15983199258495756
15983199258495757
15983199258495758
15983199258495759
15983199258495760
15983199258495761
15983199258495762
15983199258495763
15983199258495764
15983199258495765
15983199258495766
15983199258495767
15983199258495768
15983199258495769
15983199258495770
17249198799305076
17249198799305077
17249198799305078
17249198799305079
17249198799305080
17249198799305081
17249198799305082
17249198799305083
17249198799305084
17249198799305085
17249198799305086
17249198799305087
17249198799305088
17249198799305089
17249198799305090
17249198799305091
17249198799305092
17249198799305093
17249198799305094
17249198799305095
17249198799305096
17249198799305097
17249198799305098
17249198799305099
17249198799305100
17249198799305101
17249198799305102
17249198799305103
17249198799305104
17249198799305105
17249198799305106
17249198799305107
17249198799305108
17249198799305109
17249198799305110
17249198799305111
17249198799305112
17249198799305113
17249198799305114
17249198799305115
17249198799305116
17249198799305117
17249198799305118
17249198799305294
17249198799305295
17249198799305296
17249198799305297
17249198799305298
17249198799305299
17249198799305300
17249198799305301
17249198799305302
17249198799305303
17249198799305304
17249198799305305
17249198799305306
17249198799305307
17249198799305308
17249198799305309
17249198799305310
17249198799305311
17249198799305312
17249198799305313
17249198799305314
17249198799305315
17249198799305316
17249198799305317
17249198799305318
17249198799305269
17249198799305270
17249198799305271
17249198799305272
17249198799305273
17249198799305274
17249198799305275
17249198799305276
17249198799305277
17249198799305278
17249198799305279
17249198799305280
17249198799305281
17249198799305282
17249198799305283
17249198799305284
17249198799305285
17249198799305286
17249198799305287
17249198799305288
17249198799305289
17249198799305290
17249198799305291
17249198799305292
17249198799305293
17249198799305244
17249198799305245
17249198799305246
17249198799305247
17249198799305248
17249198799305249
17249198799305250
17249198799305251
17249198799305252
17249198799305253
17249198799305254
17249198799305255
17249198799305256
17249198799305257
17249198799305258
17249198799305259
17249198799305260
17249198799305261
17249198799305262
17249198799305263
17249198799305264
17249198799305265
17249198799305266
17249198799305267
17249198799305268
17249198799305194
17249198799305195
17249198799305196
17249198799305197
17249198799305198
17249198799305199
17249198799305200
17249198799305201
17249198799305202
17249198799305203
17249198799305204
17249198799305205
17249198799305206
17249198799305207
17249198799305208
17249198799305209
17249198799305210
17249198799305211
17249198799305212
17249198799305213
17249198799305214
17249198799305215
17249198799305216
17249198799305217
17249198799305218
17249198799305219
17249198799305220
17249198799305221
17249198799305222
17249198799305223
17249198799305224
17249198799305225
17249198799305226
17249198799305227
17249198799305228
17249198799305229
17249198799305230
17249198799305231
17249198799305232
17249198799305233
17249198799305234
17249198799305235
17249198799305236
17249198799305237
17249198799305238
17249198799305239
17249198799305240
17249198799305241
17249198799305242
17249198799305243
17249198799305169
17249198799305170
17249198799305171
17249198799305172
17249198799305173
17249198799305174
17249198799305175
17249198799305176
17249198799305177
17249198799305178
17249198799305179
17249198799305180
17249198799305181
17249198799305182
17249198799305183
17249198799305184
17249198799305185
17249198799305186
17249198799305187
17249198799305188
17249198799305189
17249198799305190
17249198799305191
17249198799305192
17249198799305193
17249198799305144
17249198799305145
17249198799305146
17249198799305147
17249198799305148
17249198799305149
17249198799305150
17249198799305151
17249198799305152
17249198799305153
17249198799305154
17249198799305155
17249198799305156
17249198799305157
17249198799305158
17249198799305159
17249198799305160
17249198799305161
17249198799305162
17249198799305163
17249198799305164
17249198799305165
17249198799305166
17249198799305167
17249198799305168
17249198799305119
17249198799305120
17249198799305121
17249198799305122
17249198799305123
17249198799305124
17249198799305125
17249198799305126
17249198799305127
17249198799305128
17249198799305129
17249198799305130
17249198799305131
17249198799305132
17249198799305133
17249198799305134
17249198799305135
17249198799305136
17249198799305137
17249198799305138
17249198799305139
17249198799305140
17249198799305141
17249198799305142
17249198799305143
17249198799305020
17249198799305021
17249198799305022
17249198799305023
17249198799305024
17249198799305025
17249198799305026
17249198799305027
17249198799305028
17249198799305029
17249198799305030
17249198799305031
17249198799305032
17249198799305033
17249198799305034
17249198799305035
17249198799305036
17249198799305037
17249198799305038
17249198799305039
17249198799305040
17249198799305041
17249198799305042
17249198799305043
17249198799305519
17249198799305369
17249198799305370
17249198799305371
17249198799305372
17249198799305373
17249198799305374
17249198799305375
17249198799305376
17249198799305377
17249198799305378
17249198799305379
17249198799305380
17249198799305381
17249198799305382
17249198799305383
17249198799305384
17249198799305385
17249198799305386
17249198799305387
17249198799305388
17249198799305389
17249198799305390
17249198799305391
17249198799305392
17249198799305393
17249198799305344
17249198799305345
17249198799305346
17249198799305347
17249198799305348
17249198799305349
17249198799305350
17249198799305351
17249198799305352
17249198799305353
17249198799305354
17249198799305355
17249198799305356
17249198799305357
17249198799305358
17249198799305359
17249198799305360
17249198799305361
17249198799305362
17249198799305363
17249198799305364
17249198799305365
17249198799305366
17249198799305367
17249198799305368
17249198799305319
17249198799305320
17249198799305321
17249198799305322
17249198799305323
17249198799305324
17249198799305325
17249198799305326
17249198799305327
17249198799305328
17249198799305329
17249198799305330
17249198799305331
17249198799305332
17249198799305333
17249198799305334
17249198799305335
17249198799305336
17249198799305337
17249198799305338
17249198799305339
17249198799305340
17249198799305341
17249198799305342
17249198799305343
17249198799305044
17249198799305045
17249198799305046
17249198799305047
17249198799305048
17249198799305049
17249198799305050
17249198799305051
17249198799305052
17249198799305053
17249198799305054
17249198799305055
17249198799305056
17249198799305057
17249198799305058
17249198799305059
17249198799305060
17249198799305061
17249198799305062
17249198799305063
17249198799305064
17249198799305065
17249198799305066
17249198799305067
17249198799305068
17249198799305394
17249198799305395
17249198799305396
17249198799305397
17249198799305398
17249198799305399
17249198799305400
17249198799305401
17249198799305402
17249198799305403
17249198799305404
17249198799305405
17249198799305406
17249198799305407
17249198799305408
17249198799305409
17249198799305410
17249198799305411
17249198799305412
17249198799305413
17249198799305414
17249198799305415
17249198799305416
17249198799305417
17249198799305418
17249198799305494
17249198799305495
17249198799305496
17249198799305497
17249198799305498
17249198799305499
17249198799305500
17249198799305501
17249198799305502
17249198799305503
17249198799305504
17249198799305505
17249198799305506
17249198799305507
17249198799305508
17249198799305509
17249198799305510
17249198799305511
17249198799305512
17249198799305513
17249198799305514
17249198799305515
17249198799305516
17249198799305517
17249198799305518
17249198799305469
17249198799305470
17249198799305471
17249198799305472
17249198799305473
17249198799305474
17249198799305475
17249198799305476
17249198799305477
17249198799305478
17249198799305479
17249198799305480
17249198799305481
17249198799305482
17249198799305483
17249198799305484
17249198799305485
17249198799305486
17249198799305487
17249198799305488
17249198799305489
17249198799305490
17249198799305491
17249198799305492
17249198799305493
17249198799305444
17249198799305445
17249198799305446
17249198799305447
17249198799305448
17249198799305449
17249198799305450
17249198799305451
17249198799305452
17249198799305453
17249198799305454
17249198799305455
17249198799305456
17249198799305457
17249198799305458
17249198799305459
17249198799305460
17249198799305461
17249198799305462
17249198799305463
17249198799305464
17249198799305465
17249198799305466
17249198799305467
17249198799305468
17249198799305419
17249198799305420
17249198799305421
17249198799305422
17249198799305423
17249198799305424
17249198799305425
17249198799305426
17249198799305427
17249198799305428
17249198799305429
17249198799305430
17249198799305431
17249198799305432
17249198799305433
17249198799305434
17249198799305435
17249198799305436
17249198799305437
17249198799305438
17249198799305439
17249198799305440
17249198799305441
17249198799305442
17249198799305443
15507199283246456
15507199283246457
15507199283246458
15507199283246459
15507199283246460
15507199283246461
15507199283246462
15507199283246463
15507199283246464
15507199283246465
15507199283246466
15507199283246467
15507199283246468
15507199283246469
15507199283246470
15507199283246471
15507199283246472
15507199283246473
15507199283246474
15507199283246475
15507199283246476
15507199283246477
15507199283246478
15507199283246479
15507199283246480
15507199283246481
15507199283246482
15507199283246483
15507199283246484
15507199283246485
15507199283246486
15507199283246487
15507199283246488
15507199283246489
15507199283246490
15507199283246491
15507199283246492
15507199283246493
15507199283246494
15507199283246495
15507199283246496
15507199283246497
15507199283246498
15507199283246499
15507199283246500
15507199283246501
15507199283246502
15507199283246503
15507199283246504
15507199283246505
15507199283246506
15507199283246507
15507199283246508
15507199283246509
15507199283246510
15507199283246511
15507199283246512
15507199283246513
15507199283246514
15507199283246515
15507199283246516
15507199283246517
15507199283246518
15507199283246519
15507199283246520
15507199283246521
15507199283246522
15507199283246523
15507199283246524
15507199283246525
15507199283246526
15507199283246527
15507199283246528
15507199283246529
15507199283246530
15507199283246531
15507199283246532
15507199283246533
15507199283246534
15507199283246535
15507199283246536
15507199283246537
15507199283246538
15507199283246539
15507199283246540
15507199283246541
15507199283246542
15507199283246543
15507199283246544
15507199283246545
15507199283246546
15507199283246547
15507199283246548
15507199283246549
15507199283246550
15507199283246551
15507199283246552
15507199283246553
15507199283246554
15507199283246555
15507199283246556
15507199283246557
15507199283246558
15507199283246559
15507199283246560
15507199283246561
15507199283246562
15507199283246563
15507199283246564
15507199283246565
15507199283246566
15507199283246567
15507199283246568
15507199283246569
15507199283246570
15507199283246571
15507199283246572
15507199283246573
15507199283246574
15507199283246575
15507199283246576
15507199283246577
15507199283246578
15507199283246579
15507199283246580
15507199283246581
15507199283246582
15507199283246583
15507199283246584
15507199283246585
15507199283246586
15507199283246587
15507199283246588
15507199283246589
15507199283246590
15507199283246591
15507199283246592
15507199283246593
15507199283246594
15507199283246595
15507199283246596
15507199283246597
15507199283246598
15507199283246599
15507199283246600
15507199283246601
15507199283246602
15507199283246603
15507199283246604
15507199283246605
15507199283246606
15507199283246607
15507199283246608
15507199283246609
15507199283246610
15507199283246611
15507199283246612
15507199283246613
15507199283246614
15507199283246615
15507199283246616
15507199283246617
15507199283246618
15507199283246619
15507199283246620
15507199283246621
15507199283246622
15507199283246623
15507199283246624
15507199283246625
15507199283246626
15507199283246627
15507199283246628
15507199283246629
15507199283246630
15507199283246631
15507199283246632
15507199283246633
15507199283246634
15507199283246635
15507199283246636
15507199283246637
15507199283246638
15507199283246639
15507199283246640
15507199283246641
15507199283246642
15507199283246643
15507199283246644
15507199283246645
15507199283246646
15507199283246647
15507199283246648
15507199283246649
15507199283246650
15507199283246651
15507199283246652
15507199283246653
15507199283246654
15507199283246655
15507199283246656
15507199283246657
15507199283246658
15507199283246659
15507199283246660
15507199283246661
15507199283246662
15507199283246663
15507199283246664
15507199283246665
15507199283246666
15507199283246667
15507199283246668
15507199283246669
15507199283246670
15507199283246671
15507199283246672
15507199283246673
15507199283246674
15507199283246675
15507199283246676
15507199283246677
15507199283246678
15507199283246679
15507199283246680
15507199283246681
15507199283246682
15507199283246683
15507199283246684
15507199283246685
15507199283246686
15507199283246687
15507199283246688
15507199283246689
15507199283246690
15507199283246691
15507199283246692
15507199283246693
15507199283246694
15507199283246695
15507199283246696
15507199283246697
15507199283246698
15507199283246699
15507199283246700
15507199283246701
15507199283246702
15507199283246703
15507199283246704
15507199283246705
17249198799303244
17249198799303245
17249198799303246
17249198799303247
17249198799303248
17249198799303249
17249198799303250
17249198799303251
17249198799303252
17249198799303253
17249198799303254
17249198799303255
17249198799303256
17249198799303257
17249198799303258
17249198799303259
17249198799303260
17249198799303261
17249198799303262
17249198799303263
17249198799303264
17249198799303265
17249198799303266
17249198799303267
17249198799303268
17249198799303194
17249198799303195
17249198799303196
17249198799303197
17249198799303198
17249198799303199
17249198799303200
17249198799303201
17249198799303202
17249198799303203
17249198799303204
17249198799303205
17249198799303206
17249198799303207
17249198799303208
17249198799303209
17249198799303210
17249198799303211
17249198799303212
17249198799303213
17249198799303214
17249198799303215
17249198799303216
17249198799303217
17249198799303218
17249198799302794
17249198799302795
17249198799302796
17249198799302797
17249198799302798
17249198799302799
17249198799302800
17249198799302801
17249198799302802
17249198799302803
17249198799302804
17249198799302805
17249198799302806
17249198799302807
17249198799302808
17249198799302809
17249198799302810
17249198799302811
17249198799302812
17249198799302813
17249198799302814
17249198799302815
17249198799302816
17249198799302817
17249198799302818
17249198799303169
17249198799303170
17249198799303171
17249198799303172
17249198799303173
17249198799303174
17249198799303175
17249198799303176
17249198799303177
17249198799303178
17249198799303179
17249198799303180
17249198799303181
17249198799303182
17249198799303183
17249198799303184
17249198799303185
17249198799303186
17249198799303187
17249198799303188
17249198799303189
17249198799303190
17249198799303191
17249198799303192
17249198799303193
17249198799303144
17249198799303145
17249198799303146
17249198799303147
17249198799303148
17249198799303149
17249198799303150
17249198799303151
17249198799303152
17249198799303153
17249198799303154
17249198799303155
17249198799303156
17249198799303157
17249198799303158
17249198799303159
17249198799303160
17249198799303161
17249198799303162
17249198799303163
17249198799303164
17249198799303165
17249198799303166
17249198799303167
17249198799303168
17249198799303119
17249198799303120
17249198799303121
17249198799303122
17249198799303123
17249198799303124
17249198799303125
17249198799303126
17249198799303127
17249198799303128
17249198799303129
17249198799303130
17249198799303131
17249198799303132
17249198799303133
17249198799303134
17249198799303135
17249198799303136
17249198799303137
17249198799303138
17249198799303139
17249198799303140
17249198799303141
17249198799303142
17249198799303143
17249198799303269
17249198799303270
17249198799303271
17249198799303272
17249198799303273
17249198799303274
17249198799303275
17249198799303276
17249198799303277
17249198799303278
17249198799303279
17249198799303280
17249198799303281
17249198799303282
17249198799303283
17249198799303284
17249198799303285
17249198799303286
17249198799303287
17249198799303288
17249198799303289
17249198799303290
17249198799302791
17249198799302792
17249198799302793
17249198799303094
17249198799303095
17249198799303096
17249198799303097
17249198799303098
17249198799303099
17249198799303100
17249198799303101
17249198799303102
17249198799303103
17249198799303104
17249198799303105
17249198799303106
17249198799303107
17249198799303108
17249198799303109
17249198799303110
17249198799303111
17249198799303112
17249198799303113
17249198799303114
17249198799303115
17249198799303116
17249198799303117
17249198799303118
17249198799303069
17249198799303070
17249198799303071
17249198799303072
17249198799303073
17249198799303074
17249198799303075
17249198799303076
17249198799303077
17249198799303078
17249198799303079
17249198799303080
17249198799303081
17249198799303082
17249198799303083
17249198799303084
17249198799303085
17249198799303086
17249198799303087
17249198799303088
17249198799303089
17249198799303090
17249198799303091
17249198799303092
17249198799303093
17249198799303219
17249198799303220
17249198799303221
17249198799303222
17249198799303223
17249198799303224
17249198799303225
17249198799303226
17249198799303227
17249198799303228
17249198799303229
17249198799303230
17249198799303231
17249198799303232
17249198799303233
17249198799303234
17249198799303235
17249198799303236
17249198799303237
17249198799303238
17249198799303239
17249198799303240
17249198799303241
17249198799303242
17249198799303243
17249198799303044
17249198799303045
17249198799303046
17249198799303047
17249198799303048
17249198799303049
17249198799303050
17249198799303051
17249198799303052
17249198799303053
17249198799303054
17249198799303055
17249198799303056
17249198799303057
17249198799303058
17249198799303059
17249198799303060
17249198799303061
17249198799303062
17249198799303063
17249198799303064
17249198799303065
17249198799303066
17249198799303067
17249198799303068
17249198799303019
17249198799303020
17249198799303021
17249198799303022
17249198799303023
17249198799303024
17249198799303025
17249198799303026
17249198799303027
17249198799303028
17249198799303029
17249198799303030
17249198799303031
17249198799303032
17249198799303033
17249198799303034
17249198799303035
17249198799303036
17249198799303037
17249198799303038
17249198799303039
17249198799303040
17249198799303041
17249198799303042
17249198799303043
17249198799302994
17249198799302995
17249198799302996
17249198799302997
17249198799302998
17249198799302999
17249198799303000
17249198799303001
17249198799303002
17249198799303003
17249198799303004
17249198799303005
17249198799303006
17249198799303007
17249198799303008
17249198799303009
17249198799303010
17249198799303011
17249198799303012
17249198799303013
17249198799303014
17249198799303015
17249198799303016
17249198799303017
17249198799303018
17249198799302969
17249198799302970
17249198799302971
17249198799302972
17249198799302973
17249198799302974
17249198799302975
17249198799302976
17249198799302977
17249198799302978
17249198799302979
17249198799302980
17249198799302981
17249198799302982
17249198799302983
17249198799302984
17249198799302985
17249198799302986
17249198799302987
17249198799302988
17249198799302989
17249198799302990
17249198799302991
17249198799302992
17249198799302993
17249198799302944
17249198799302945
17249198799302946
17249198799302947
17249198799302948
17249198799302949
17249198799302950
17249198799302951
17249198799302952
17249198799302953
17249198799302954
17249198799302955
17249198799302956
17249198799302957
17249198799302958
17249198799302959
17249198799302960
17249198799302961
17249198799302962
17249198799302963
17249198799302964
17249198799302965
17249198799302966
17249198799302967
17249198799302968
17249198799302919
17249198799302920
17249198799302921
17249198799302922
17249198799302923
17249198799302924
17249198799302925
17249198799302926
17249198799302927
17249198799302928
17249198799302929
17249198799302930
17249198799302931
17249198799302932
17249198799302933
17249198799302934
17249198799302935
17249198799302936
17249198799302937
17249198799302938
17249198799302939
17249198799302940
17249198799302941
17249198799302942
17249198799302943
17249198799302894
17249198799302895
17249198799302896
17249198799302897
17249198799302898
17249198799302899
17249198799302900
17249198799302901
17249198799302902
17249198799302903
17249198799302904
17249198799302905
17249198799302906
17249198799302907
17249198799302908
17249198799302909
17249198799302910
17249198799302911
17249198799302912
17249198799302913
17249198799302914
17249198799302915
17249198799302916
17249198799302917
17249198799302918
17249198799302869
17249198799302870
17249198799302871
17249198799302872
17249198799302873
17249198799302874
17249198799302875
17249198799302876
17249198799302877
17249198799302878
17249198799302879
17249198799302880
17249198799302881
17249198799302882
17249198799302883
17249198799302884
17249198799302885
17249198799302886
17249198799302887
17249198799302888
17249198799302889
17249198799302890
17249198799302891
17249198799302892
17249198799302893
17249198799302824
17249198799302825
17249198799302826
17249198799302827
17249198799302828
17249198799302829
17249198799302830
17249198799302831
17249198799302832
17249198799302833
17249198799302834
17249198799302835
17249198799302836
17249198799302837
17249198799302838
17249198799302839
17249198799302840
17249198799302841
17249198799302842
17249198799302843
17249198799302847
17249198799302848
15983199258496071
15983199258496072
15983199258496073
15983199258496074
15983199258496075
15983199258496076
15983199258496077
15983199258496078
15983199258496079
15983199258496080
15983199258496081
15983199258496082
15983199258496083
15983199258496084
15983199258496085
15983199258496086
15983199258496087
15983199258496088
15983199258496089
15983199258496090
15983199258496091
15983199258496092
15983199258496093
15983199258496094
15983199258496095
15983199258496096
15983199258496097
15983199258496098
15983199258496099
15983199258495671
15983199258495672
15983199258495673
15983199258495674
15983199258495675
15983199258495676
15983199258495677
15983199258495678
15983199258495679
15983199258495680
15983199258495681
15983199258495682
15983199258495683
15983199258495684
15983199258495685
15983199258495686
15983199258495687
15983199258495688
15983199258495689
15983199258495690
15983199258495691
15983199258495692
15983199258495693
15983199258495694
15983199258495695
15983199258495646
15983199258495647
15983199258495648
15983199258495649
15983199258495650
15983199258495651
15983199258495652
15983199258495653
15983199258495654
15983199258495655
15983199258495656
15983199258495657
15983199258495658
15983199258495659
15983199258495660
15983199258495661
15983199258495662
15983199258495663
15983199258495664
15983199258495665
15983199258495666
15983199258495667
15983199258495668
15983199258495669
15983199258495670
15983199258495596
15983199258495597
15983199258495598
15983199258495599
15983199258495600
15983199258495601
15983199258495602
15983199258495603
15983199258495604
15983199258495605
15983199258495606
15983199258495607
15983199258495608
15983199258495609
15983199258495610
15983199258495611
15983199258495612
15983199258495613
15983199258495614
15983199258495615
15983199258495616
15983199258495617
15983199258495618
15983199258495619
15983199258495620
15983199258495621
15983199258495622
15983199258495623
15983199258495624
15983199258495625
15983199258495626
15983199258495627
15983199258495628
15983199258495629
15983199258495630
15983199258495631
15983199258495632
15983199258495633
15983199258495634
15983199258495635
15983199258495636
15983199258495637
15983199258495638
15983199258495639
15983199258495640
15983199258495641
15983199258495642
15983199258495643
15983199258495644
15983199258495645
15983199258495571
15983199258495572
15983199258495573
15983199258495574
15983199258495575
15983199258495576
15983199258495577
15983199258495578
15983199258495579
15983199258495580
15983199258495581
15983199258495582
15983199258495583
15983199258495584
15983199258495585
15983199258495586
15983199258495587
15983199258495588
15983199258495589
15983199258495590
15983199258495591
15983199258495592
15983199258495593
15983199258495594
15983199258495595
15983199258495946
15983199258495947
15983199258495948
15983199258495949
15983199258495950
15983199258495951
15983199258495952
15983199258495953
15983199258495954
15983199258495955
15983199258495956
15983199258495957
15983199258495958
15983199258495959
15983199258495960
15983199258495961
15983199258495962
15983199258495963
15983199258495964
15983199258495965
15983199258495966
15983199258495967
15983199258495968
15983199258495969
15983199258495970
15983199258495971
15983199258495972
15983199258495973
15983199258495974
15983199258495975
15983199258495976
15983199258495977
15983199258495978
15983199258495979
15983199258495980
15983199258495981
15983199258495982
15983199258495983
15983199258495984
15983199258495985
15983199258495986
15983199258495987
15983199258495988
15983199258495989
15983199258495990
15983199258495991
15983199258495992
15983199258495993
15983199258495994
15983199258495995
15983199258495996
15983199258495997
15983199258495998
15983199258495999
15983199258496000
15983199258496001
15983199258496002
15983199258496003
15983199258496004
15983199258496005
15983199258496006
15983199258496007
15983199258496008
15983199258496009
15983199258496010
15983199258496011
15983199258496012
15983199258496013
15983199258496014
15983199258496015
15983199258496016
15983199258496017
15983199258496018
15983199258496019
15983199258496020
15983199258496021
15983199258496022
15983199258496023
15983199258496024
15983199258496025
15983199258496026
15983199258496027
15983199258496028
15983199258496029
15983199258496030
15983199258496031
15983199258496032
15983199258496033
15983199258496034
15983199258496035
15983199258496036
15983199258496037
15983199258496038
15983199258496039
15983199258496040
15983199258496041
15983199258496042
15983199258496043
15983199258496044
15983199258496045
15983199258496046
15983199258496047
15983199258496048
15983199258496049
15983199258496050
15983199258496051
15983199258496052
15983199258496053
15983199258496054
15983199258496055
15983199258496056
15983199258496057
15983199258496058
15983199258496059
15983199258496060
15983199258496061
15983199258496062
15983199258496063
15983199258496064
15983199258496065
15983199258496066
15983199258496067
15983199258496068
15983199258496069
15983199258496070
15983199258495565
15983199258495566
15983199258495567
15983199258495568
15983199258495569
15983199258495570
17249198799283319
17249198799283320
17249198799283321
17249198799283322
17249198799283323
17249198799283324
17249198799283325
17249198799283326
17249198799283327
17249198799283328
17249198799283329
17249198799283330
17249198799283331
17249198799283332
17249198799283333
17249198799283334
17249198799283335
17249198799283336
17249198799283337
17249198799283338
17249198799283339
17249198799283340
17249198799283341
17249198799283342
17249198799283343
17249198799283344
17249198799283345
17249198799283346
17249198799283347
17249198799283348
17249198799283349
17249198799283350
17249198799283351
17249198799283352
17249198799283353
17249198799283354
17249198799283355
17249198799283356
17249198799283357
17249198799283358
17249198799283359
17249198799283360
17249198799283361
17249198799283362
17249198799283363
17249198799283364
17249198799283365
17249198799283366
17249198799283367
17249198799283368
17249198799283369
17249198799283370
17249198799283371
17249198799283372
17249198799283373
17249198799283374
17249198799283375
17249198799283376
17249198799283377
17249198799283378
17249198799283379
17249198799283380
17249198799283381
17249198799283382
17249198799283383
17249198799283384
17249198799283385
17249198799283386
17249198799283387
17249198799283388
17249198799283389
17249198799283390
17249198799283391
17249198799283392
17249198799283393
17249198799283394
17249198799283395
17249198799283396
17249198799283397
17249198799283398
17249198799283399
17249198799283400
17249198799283401
17249198799283402
17249198799283403
17249198799283404
17249198799283405
17249198799283406
17249198799283407
17249198799283408
17249198799283409
17249198799283410
17249198799283411
17249198799283412
17249198799283413
17249198799283414
17249198799283415
17249198799283416
17249198799283417
17249198799283418
17249198799283419
17249198799283420
17249198799283421
17249198799283422
17249198799283423
17249198799283424
17249198799283425
17249198799283426
17249198799283427
17249198799283428
17249198799283429
17249198799283430
17249198799283431
17249198799283432
17249198799283433
17249198799283434
17249198799283435
17249198799283436
17249198799283437
17249198799283438
17249198799283439
17249198799283440
17249198799283441
17249198799283442
17249198799283443
17249198799283444
17249198799283445
17249198799283446
17249198799283447
17249198799283448
17249198799283449
17249198799283450
17249198799283451
17249198799283452
17249198799283453
17249198799283454
17249198799283455
17249198799283456
17249198799283457
17249198799283458
17249198799283459
17249198799283460
17249198799283461
17249198799283462
17249198799283463
17249198799283464
17249198799283465
17249198799283466
17249198799283467
17249198799283468
17249198799283469
17249198799283470
17249198799283471
17249198799283472
17249198799283473
17249198799283474
17249198799283475
17249198799283476
17249198799283477
17249198799283478
17249198799283479
17249198799283480
17249198799283481
17249198799283482
17249198799283483
17249198799283484
17249198799283485
17249198799283486
17249198799283487
17249198799283488
17249198799283489
17249198799283490
17249198799283491
17249198799283492
17249198799283493
17249198799283494
17249198799283495
17249198799283496
17249198799283497
17249198799283498
17249198799283499
17249198799283500
17249198799283501
17249198799283502
17249198799283503
17249198799283504
17249198799283505
17249198799283506
17249198799283507
17249198799283508
17249198799283509
17249198799283510
17249198799283511
17249198799283512
17249198799283513
17249198799283514
17249198799283515
17249198799283516
17249198799283517
17249198799283518
17249198799283519
17249198799283520
17249198799283521
17249198799283522
17249198799283523
17249198799283524
17249198799283525
17249198799283526
17249198799283527
17249198799283528
17249198799283529
17249198799283530
17249198799283531
17249198799283532
17249198799283533
17249198799283534
17249198799283535
17249198799283536
17249198799283537
17249198799283538
17249198799283539
17249198799283540
17249198799283541
17249198799283542
17249198799283543
17249198799283544
17249198799283545
17249198799283546
17249198799283547
17249198799283548
17249198799283549
17249198799283550
17249198799283551
17249198799283552
17249198799283553
17249198799283554
17249198799283555
17249198799283556
17249198799283557
17249198799283558
17249198799283559
17249198799283560
17249198799283561
17249198799283562
17249198799283563
17249198799283564
17249198799283565
17249198799283566
17249198799283567
17249198799283568
17249198799283119
17249198799283120
17249198799283121
17249198799283122
17249198799283123
17249198799283124
17249198799283125
17249198799283126
17249198799283127
17249198799283128
17249198799283129
17249198799283130
17249198799283131
17249198799283132
17249198799283133
17249198799283134
17249198799283135
17249198799283136
17249198799283137
17249198799283138
17249198799283139
17249198799283140
17249198799283141
17249198799283142
17249198799283143
17249198799283070
17249198799283071
17249198799283072
17249198799283073
17249198799283074
17249198799283075
17249198799283076
17249198799283077
17249198799283078
17249198799283079
17249198799283080
17249198799283081
17249198799283082
17249198799283083
17249198799283084
17249198799283085
17249198799283086
17249198799283087
17249198799283088
17249198799283089
17249198799283090
17249198799283091
17249198799283092
17249198799283093
17249198799283294
17249198799283295
17249198799283296
17249198799283297
17249198799283298
17249198799283299
17249198799283300
17249198799283301
17249198799283302
17249198799283303
17249198799283304
17249198799283305
17249198799283306
17249198799283307
17249198799283308
17249198799283309
17249198799283310
17249198799283311
17249198799283312
17249198799283313
17249198799283314
17249198799283315
17249198799283316
17249198799283317
17249198799283318
17249198799283269
17249198799283270
17249198799283271
17249198799283272
17249198799283273
17249198799283274
17249198799283275
17249198799283276
17249198799283277
17249198799283278
17249198799283279
17249198799283280
17249198799283281
17249198799283282
17249198799283283
17249198799283284
17249198799283285
17249198799283286
17249198799283287
17249198799283288
17249198799283289
17249198799283290
17249198799283291
17249198799283292
17249198799283293
17249198799283244
17249198799283245
17249198799283246
17249198799283247
17249198799283248
17249198799283249
17249198799283250
17249198799283251
17249198799283252
17249198799283253
17249198799283254
17249198799283255
17249198799283256
17249198799283257
17249198799283258
17249198799283259
17249198799283260
17249198799283261
17249198799283262
17249198799283263
17249198799283264
17249198799283265
17249198799283266
17249198799283267
17249198799283268
17249198799283219
17249198799283220
17249198799283221
17249198799283222
17249198799283223
17249198799283224
17249198799283225
17249198799283226
17249198799283227
17249198799283228
17249198799283229
17249198799283230
17249198799283231
17249198799283232
17249198799283233
17249198799283234
17249198799283235
17249198799283236
17249198799283237
17249198799283238
17249198799283239
17249198799283240
17249198799283241
17249198799283242
17249198799283243
17249198799283194
17249198799283195
17249198799283196
17249198799283197
17249198799283198
17249198799283199
17249198799283200
17249198799283201
17249198799283202
17249198799283203
17249198799283204
17249198799283205
17249198799283206
17249198799283207
17249198799283208
17249198799283209
17249198799283210
17249198799283211
17249198799283212
17249198799283213
17249198799283214
17249198799283215
17249198799283216
17249198799283217
17249198799283218
17249198799283169
17249198799283170
17249198799283171
17249198799283172
17249198799283173
17249198799283174
17249198799283175
17249198799283176
17249198799283177
17249198799283178
17249198799283179
17249198799283180
17249198799283181
17249198799283182
17249198799283183
17249198799283184
17249198799283185
17249198799283186
17249198799283187
17249198799283188
17249198799283189
17249198799283190
17249198799283191
17249198799283192
17249198799283193
17249198799283569
17249198799283570
17249198799283571
17249198799283572
17249198799283573
17249198799283574
17249198799283575
17249198799283576
17249198799283577
17249198799283578
17249198799283579
17249198799283580
17249198799283581
17249198799283582
17249198799283583
17249198799283584
17249198799283585
17249198799283586
17249198799283587
17249198799283588
17249198799283589
17249198799283590
17249198799283591
17249198799283592
17249198799283593
17249198799283594
17249198799283595
17249198799283596
17249198799283597
17249198799283598
17249198799283599
17249198799283600
17249198799283601
17249198799283602
17249198799283603
17249198799283604
17249198799283094
17249198799283095
17249198799283096
17249198799283097
17249198799283098
17249198799283099
17249198799283100
17249198799283101
17249198799283102
17249198799283103
17249198799283104
17249198799283105
17249198799283106
17249198799283107
17249198799283108
17249198799283109
17249198799283110
17249198799283111
17249198799283112
17249198799283113
17249198799283114
17249198799283115
17249198799283116
17249198799283117
17249198799283118
17249198799283144
17249198799283145
17249198799283146
17249198799283147
17249198799283148
17249198799283149
17249198799283150
17249198799283151
17249198799283152
17249198799283153
17249198799283154
17249198799283155
17249198799283156
17249198799283157
17249198799283158
17249198799283159
17249198799283160
17249198799283161
17249198799283162
17249198799283163
17249198799283164
17249198799283165
17249198799283166
17249198799283167
17249198799283168
14049192565771316
14049192565771317
14049192565771318
14049192565771319
14049192565771320
14049192565771321
14049192565771322
14049192565771323
14049192565771324
14049192565771325
14049192565771326
14049192565771327
14049192565771328
14049192565771329
14049192565771330
14049192565771331
14049192565771332
14049192565771333
14049192565771334
14049192565771335
14049192565771336
14049192565771337
14049192565771338
14049192565771339
14049192565771365
14049192565771366
14049192565771367
14049192565771368
14049192565771369
14049192565771370
14049192565771371
14049192565771372
14049192565771373
14049192565771374
14049192565771375
14049192565771376
14049192565771377
14049192565771378
14049192565771379
14049192565771380
14049192565771381
14049192565771382
14049192565771383
14049192565771384
14049192565771385
14049192565771386
14049192565771387
14049192565771388
14049192565771389
14049192565771340
14049192565771341
14049192565771342
14049192565771343
14049192565771344
14049192565771345
14049192565771346
14049192565771347
14049192565771348
14049192565771349
14049192565771350
14049192565771351
14049192565771352
14049192565771353
14049192565771354
14049192565771355
14049192565771356
14049192565771357
14049192565771358
14049192565771359
14049192565771360
14049192565771361
14049192565771362
14049192565771363
14049192565771364
14049192565771273
14049192565771274
14049192565771275
14049192565771276
14049192565771277
14049192565771278
14049192565771279
14049192565771280
14049192565771310
14049192565771311
14049192565771312
14049192565771313
14049192565771314
14049192565770619
14049192565770620
14049192565770621
14049192565770622
14049192565770617
14049192565770637
14049192565770636
15648199290651486
15698199292725656
15698199292725680
11088191431020817
11088191431020818
11088191431020819
11088191431020810
11088191431020811
11088191431020812
11088191431020813
11088191431020814
11088191431020805
11088191431020806
11088191431020807
11088191431020808
11088191431020809
11088191431020796
11088191431020797
11088191431020820
11088191431020821
11088191431020822
